## Path calibrado: /media/deep/6FA9D9FE47CE4DC3/calibrado-alinua/c1510 
## PARAMETROS IMAGEN
cx 		=			640.0
cy 		=			360.0

## PARAMETROS CALIBRADO
idCam:0=                          831612070293
idCam:1=                          829212071391
idCam:2=                          829212072264
idCam:3=                          728312070655
idCam:4=                          829212072262
idCam:5=                          815412070524
idCam:6=                          836612071402
idCam:7=                          848312070429
idCam:8=                          846112070086
idCam:9=                          728312070946
idCam:10=                          848312070416
idCam:11=                          848312070090
matCam:0=                         1.00000000000000000000000000000000,0.00000000000000000000000000000000,0.00000000000000000000000000000000,0.00000000000000000000000000000000,0.00000000000000000000000000000000,1.00000000000000000000000000000000,0.00000000000000000000000000000000,0.00000000000000000000000000000000,0.00000000000000000000000000000000,0.00000000000000000000000000000000,1.00000000000000000000000000000000,0.00000000000000000000000000000000,0.00000000000000000000000000000000,0.00000000000000000000000000000000,0.00000000000000000000000000000000,1.00000000000000000000000000000000
matCam:1=                         0.79895484447479248046875000000000,0.44674804806709289550781250000000,-0.40260052680969238281250000000000,0.27872285246849060058593750000000,-0.47311586141586303710937500000000,0.05364331975579261779785156250000,-0.87936514616012573242187500000000,0.81114530563354492187500000000000,-0.37125816941261291503906250000000,0.89304971694946289062500000000000,0.25422239303588867187500000000000,0.62734568119049072265625000000000,0.00000000000000000000000000000000,0.00000000000000000000000000000000,0.00000000000000000000000000000000,1.00000000000000000000000000000000
matCam:2=                         0.75405657291412353515625000000000,-0.47145357728004455566406250000000,-0.45730745792388916015625000000000,0.33935624361038208007812500000000,0.47113001346588134765625000000000,-0.09688137471675872802734375000000,0.87672686576843261718750000000000,-0.67856061458587646484375000000000,-0.45764079689979553222656250000000,-0.87655282020568847656250000000000,0.14906179904937744140625000000000,0.73274481296539306640625000000000,0.00000000000000000000000000000000,0.00000000000000000000000000000000,0.00000000000000000000000000000000,1.00000000000000000000000000000000
matCam:3=                         0.64501100778579711914062500000000,0.06767595559358596801757812500000,-0.76117026805877685546875000000000,0.61318302154541015625000000000000,-0.01291769556701183319091796875000,-0.99496269226074218750000000000000,-0.09940850734710693359375000000000,0.12037384510040283203125000000000,-0.76406377553939819335937500000000,0.07395240664482116699218750000000,-0.64088791608810424804687500000000,1.36959934234619140625000000000000,0.00000000000000000000000000000000,0.00000000000000000000000000000000,0.00000000000000000000000000000000,1.00000000000000000000000000000000
matCam:4=                         0.82053667306900024414062500000000,-0.37463045120239257812500000000000,0.43170729279518127441406250000000,-0.71117389202117919921875000000000,-0.48366999626159667968750000000000,-0.05258409678936004638671875000000,0.87366956472396850585937500000000,-0.66696745157241821289062500000000,-0.30460226535797119140625000000000,-0.92568147182464599609375000000000,-0.22434443235397338867187500000000,1.17720508575439453125000000000000,0.00000000000000000000000000000000,0.00000000000000000000000000000000,0.00000000000000000000000000000000,1.00000000000000000000000000000000
matCam:5=                         0.81754195690155029296875000000000,0.42039802670478820800781250000000,0.39356017112731933593750000000000,-0.75050288438796997070312500000000,0.43840166926383972167968750000000,-0.01121651753783226013183593750000,-0.89870882034301757812500000000000,0.77436602115631103515625000000000,-0.37340107560157775878906250000000,0.90726953744888305664062500000000,-0.19347383081912994384765625000000,1.07180106639862060546875000000000,0.00000000000000000000000000000000,0.00000000000000000000000000000000,0.00000000000000000000000000000000,1.00000000000000000000000000000000
matCam:6=                         -0.07096102833747863769531250000000,-0.65421390533447265625000000000000,0.75297272205352783203125000000000,-1.07724285125732421875000000000000,0.99733418226242065429687500000000,-0.03367335349321365356445312500000,0.06473341584205627441406250000000,0.01361209154129028320312500000000,-0.01699417829513549804687500000000,0.75555872917175292968750000000000,0.65485978126525878906250000000000,0.41619238257408142089843750000000,0.00000000000000000000000000000000,0.00000000000000000000000000000000,0.00000000000000000000000000000000,1.00000000000000000000000000000000
matCam:7=                         0.02186421677470207214355468750000,-0.99468261003494262695312500000000,0.10063764452934265136718750000000,-0.45077911019325256347656250000000,-0.99928534030914306640625000000000,-0.02484782785177230834960937500000,-0.02848815545439720153808593750000,0.11191785335540771484375000000000,0.03083709999918937683105468750000,-0.09994274377822875976562500000000,-0.99451470375061035156250000000000,1.89934110641479492187500000000000,0.00000000000000000000000000000000,0.00000000000000000000000000000000,0.00000000000000000000000000000000,1.00000000000000000000000000000000
matCam:8=                         0.67447346448898315429687500000000,-0.04260554537177085876464843750000,0.73706793785095214843750000000000,-1.60531735420227050781250000000000,0.00036979280412197113037109375000,0.99835270643234252929687500000000,0.05737077444791793823242187500000,-0.02066475152969360351562500000000,-0.73829823732376098632812500000000,-0.03842233493924140930175781250000,0.67337822914123535156250000000000,0.69126635789871215820312500000000,0.00000000000000000000000000000000,0.00000000000000000000000000000000,0.00000000000000000000000000000000,1.00000000000000000000000000000000
matCam:9=                         0.98813092708587646484375000000000,0.03728749230504035949707031250000,0.14901496469974517822265625000000,-1.07893991470336914062500000000000,0.04310623183846473693847656250000,-0.99842113256454467773437500000000,-0.03600833937525749206542968750000,0.09900544583797454833984375000000,0.14743714034557342529296875000000,0.04200421273708343505859375000000,-0.98817843198776245117187500000000,2.00037288665771484375000000000000,0.00000000000000000000000000000000,0.00000000000000000000000000000000,0.00000000000000000000000000000000,1.00000000000000000000000000000000
matCam:10=                         0.86461198329925537109375000000000,-0.31653311848640441894531250000000,0.39019396901130676269531250000000,-1.31048333644866943359375000000000,-0.41780012845993041992187500000000,-0.02157425135374069213867187500000,0.90828227996826171875000000000000,-0.65548038482666015625000000000000,-0.27908352017402648925781250000000,-0.94833523035049438476562500000000,-0.15090087056159973144531250000000,1.39957654476165771484375000000000,0.00000000000000000000000000000000,0.00000000000000000000000000000000,0.00000000000000000000000000000000,1.00000000000000000000000000000000
matCam:11=                         0.85353577136993408203125000000000,0.35039767622947692871093750000000,0.38561236858367919921875000000000,-1.36315596103668212890625000000000,0.39383864402770996093750000000000,0.05066505074501037597656250000000,-0.91778171062469482421875000000000,0.76775354146957397460937500000000,-0.34112581610679626464843750000000,0.93522894382476806640625000000000,-0.09475605189800262451171875000000,1.27572500705718994140625000000000,0.00000000000000000000000000000000,0.00000000000000000000000000000000,0.00000000000000000000000000000000,1.00000000000000000000000000000000

## FACTORES FOCALES
calibFactor:0=           1.0300 1.0300 1.0300 
calibFactor:1=           0.9450 0.9450 0.9450 
calibFactor:2=           1.0000 1.0000 1.0000 
calibFactor:3=           0.9800 0.9800 0.9800 
calibFactor:4=           1.0000 1.0000 1.0000 
calibFactor:5=           1.0000 1.0000 1.0000 
calibFactor:6=           0.9900 0.9900 0.9900 
calibFactor:7=           1.0300 1.0300 1.0300 
calibFactor:8=           0.9900 0.9900 0.9900 
calibFactor:9=           1.0900 1.0900 1.0900 
calibFactor:10=           1.0500 1.0500 1.0500 
calibFactor:11=           1.0030 1.0030 1.0030 
