## Path calibrado: /media/deep/6FA9D9FE47CE4DC3/calibrado-alinua/c1510 
## PARAMETROS IMAGEN
cx 		=			640.0
cy 		=			360.0

## PARAMETROS CALIBRADO
idCam:0=                          831612070293
idCam:1=                          829212071391
idCam:2=                          829212072264
idCam:3=                          728312070655
idCam:4=                          829212072262
idCam:5=                          815412070524
idCam:6=                          836612071402
idCam:7=                          848312070429
idCam:8=                          846112070086
idCam:9=                          728312070946
idCam:10=                          848312070416
idCam:11=                          848312070090
matCam:0=                         1.00000000000000000000000000000000,0.00000000000000000000000000000000,0.00000000000000000000000000000000,0.00000000000000000000000000000000,0.00000000000000000000000000000000,1.00000000000000000000000000000000,0.00000000000000000000000000000000,0.00000000000000000000000000000000,0.00000000000000000000000000000000,0.00000000000000000000000000000000,1.00000000000000000000000000000000,0.00000000000000000000000000000000,0.00000000000000000000000000000000,0.00000000000000000000000000000000,0.00000000000000000000000000000000,1.00000000000000000000000000000000
matCam:1=                         0.79895484447479248046875000000000,0.44674804806709289550781250000000,-0.40260052680969238281250000000000,0.27872285246849060058593750000000,-0.47311586141586303710937500000000,0.05364331975579261779785156250000,-0.87936514616012573242187500000000,0.81114530563354492187500000000000,-0.37125816941261291503906250000000,0.89304971694946289062500000000000,0.25422239303588867187500000000000,0.62734568119049072265625000000000,0.00000000000000000000000000000000,0.00000000000000000000000000000000,0.00000000000000000000000000000000,1.00000000000000000000000000000000
matCam:2=                         0.75405657291412353515625000000000,-0.47145354747772216796875000000000,-0.45730733871459960937500000000000,0.33935618400573730468750000000000,0.47112992405891418457031250000000,-0.09688136726617813110351562500000,0.87672698497772216796875000000000,-0.67856031656265258789062500000000,-0.45764079689979553222656250000000,-0.87655293941497802734375000000000,0.14906170964241027832031250000000,0.73274457454681396484375000000000,0.00000000000000000000000000000000,0.00000000000000000000000000000000,0.00000000000000000000000000000000,1.00000000000000000000000000000000
matCam:3=                         0.64501106739044189453125000000000,0.06767581403255462646484375000000,-0.76117014884948730468750000000000,0.61318302154541015625000000000000,-0.01291773095726966857910156250000,-0.99496257305145263671875000000000,-0.09940861910581588745117187500000,0.12037368863821029663085937500000,-0.76406377553939819335937500000000,0.07395227998495101928710937500000,-0.64088767766952514648437500000000,1.36959958076477050781250000000000,0.00000000000000000000000000000000,0.00000000000000000000000000000000,0.00000000000000000000000000000000,1.00000000000000000000000000000000
matCam:4=                         0.82053661346435546875000000000000,-0.37463051080703735351562500000000,0.43170726299285888671875000000000,-0.71117389202117919921875000000000,-0.48366987705230712890625000000000,-0.05258395522832870483398437500000,0.87366926670074462890625000000000,-0.66696751117706298828125000000000,-0.30460229516029357910156250000000,-0.92568176984786987304687500000000,-0.22434468567371368408203125000000,1.17720448970794677734375000000000,0.00000000000000000000000000000000,0.00000000000000000000000000000000,0.00000000000000000000000000000000,1.00000000000000000000000000000000
matCam:5=                         0.81754201650619506835937500000000,0.42039823532104492187500000000000,0.39356014132499694824218750000000,-0.75050282478332519531250000000000,0.43840146064758300781250000000000,-0.01121674105525016784667968750000,-0.89870864152908325195312500000000,0.77436548471450805664062500000000,-0.37340134382247924804687500000000,0.90726995468139648437500000000000,-0.19347354769706726074218750000000,1.07180023193359375000000000000000,0.00000000000000000000000000000000,0.00000000000000000000000000000000,0.00000000000000000000000000000000,1.00000000000000000000000000000000
matCam:6=                         -0.07096085697412490844726562500000,-0.65421402454376220703125000000000,0.75297248363494873046875000000000,-1.07724320888519287109375000000000,0.99733370542526245117187500000000,-0.03367341309785842895507812500000,0.06473323702812194824218750000000,0.01361191272735595703125000000000,-0.01699448935687541961669921875000,0.75555896759033203125000000000000,0.65485966205596923828125000000000,0.41619113087654113769531250000000,0.00000000000000000000000000000000,0.00000000000000000000000000000000,0.00000000000000000000000000000000,1.00000000000000000000000000000000
matCam:7=                         0.02186429686844348907470703125000,-0.99468243122100830078125000000000,0.10063758492469787597656250000000,-0.45077913999557495117187500000000,-0.99928498268127441406250000000000,-0.02484779246151447296142578125000,-0.02848815731704235076904296875000,0.11191767454147338867187500000000,0.03083734028041362762451171875000,-0.09994289278984069824218750000000,-0.99451494216918945312500000000000,1.89934074878692626953125000000000,0.00000000000000000000000000000000,0.00000000000000000000000000000000,0.00000000000000000000000000000000,1.00000000000000000000000000000000
matCam:8=                         0.67447364330291748046875000000000,-0.04260541498661041259765625000000,0.73706787824630737304687500000000,-1.60531735420227050781250000000000,0.00036980584263801574707031250000,0.99835222959518432617187500000000,0.05737072974443435668945312500000,-0.02066487073898315429687500000000,-0.73829841613769531250000000000000,-0.03842249885201454162597656250000,0.67337828874588012695312500000000,0.69126522541046142578125000000000,0.00000000000000000000000000000000,0.00000000000000000000000000000000,0.00000000000000000000000000000000,1.00000000000000000000000000000000
matCam:9=                         0.98813104629516601562500000000000,0.03728729858994483947753906250000,0.14901538193225860595703125000000,-1.07894015312194824218750000000000,0.04310615360736846923828125000000,-0.99842053651809692382812500000000,-0.03600814566016197204589843750000,0.09900540858507156372070312500000,0.14743694663047790527343750000000,0.04200451076030731201171875000000,-0.98817867040634155273437500000000,2.00037193298339843750000000000000,0.00000000000000000000000000000000,0.00000000000000000000000000000000,0.00000000000000000000000000000000,1.00000000000000000000000000000000
matCam:10=                         0.86461210250854492187500000000000,-0.31653296947479248046875000000000,0.39019417762756347656250000000000,-1.31048345565795898437500000000000,-0.41779991984367370605468750000000,-0.02157421968877315521240234375000,0.90828186273574829101562500000000,-0.65548020601272583007812500000000,-0.27908354997634887695312500000000,-0.94833546876907348632812500000000,-0.15090104937553405761718750000000,1.39957559108734130859375000000000,0.00000000000000000000000000000000,0.00000000000000000000000000000000,0.00000000000000000000000000000000,1.00000000000000000000000000000000
matCam:11=                         0.85353589057922363281250000000000,0.35039755702018737792968750000000,0.38561230897903442382812500000000,-1.36315596103668212890625000000000,0.39383852481842041015625000000000,0.05066481605172157287597656250000,-0.91778123378753662109375000000000,0.76775300502777099609375000000000,-0.34112590551376342773437500000000,0.93522870540618896484375000000000,-0.09475572407245635986328125000000,1.27572393417358398437500000000000,0.00000000000000000000000000000000,0.00000000000000000000000000000000,0.00000000000000000000000000000000,1.00000000000000000000000000000000

## FACTORES FOCALES
calibFactor:0=           1.0300 1.0300 1.0300 
calibFactor:1=           0.9450 0.9450 0.9450 
calibFactor:2=           1.0000 1.0000 1.0000 
calibFactor:3=           0.9800 0.9800 0.9800 
calibFactor:4=           1.0000 1.0000 1.0000 
calibFactor:5=           1.0000 1.0000 1.0000 
calibFactor:6=           0.9900 0.9900 0.9900 
calibFactor:7=           1.0300 1.0300 1.0300 
calibFactor:8=           0.9900 0.9900 0.9900 
calibFactor:9=           1.0900 1.0900 1.0900 
calibFactor:10=           1.0500 1.0500 1.0500 
calibFactor:11=           1.0030 1.0030 1.0030 
